4096 4096
169
124 110 124 110 124 657 230 657
324 709 324 709 324 702 4 702
272 428 272 428 272 917 721 917
249 561 249 561 249 875 688 875
188 406 188 406 188 878 890 878
524 1003 524 1003 524 49 989 49
238 476 238 476 238 36 1005 36
326 861 326 861 326 544 521 544
278 58 278 58 278 661 131 661
87 497 87 497 87 115 324 115
630 1838 630 1838 630 1536 981 1536
265 1316 265 1316 265 1359 341 1359
609 1198 609 1198 609 1783 752 1783
302 1462 302 1462 302 1542 286 1542
550 1661 550 1661 550 1588 954 1588
669 1262 669 1262 669 1746 868 1746
161 1172 161 1172 161 1525 297 1525
206 1507 206 1507 206 1382 377 1382
441 1662 441 1662 441 1055 15 1055
615 1677 615 1677 615 1297 517 1297
361 3065 361 3065 361 2710 223 2710
403 2601 403 2601 403 2238 97 2238
1018 2383 1018 2383 1018 2671 463 2671
40 2599 40 2599 40 2335 847 2335
530 2263 530 2263 530 2601 749 2601
233 2403 233 2403 233 2329 802 2329
617 2115 617 2115 617 2900 104 2900
68 2088 68 2088 68 2740 908 2740
25 2786 25 2786 25 2048 698 2048
138 2215 138 2215 138 2976 343 2976
57 2868 57 2868 57 2337 595 2337
954 3512 954 3512 954 3742 879 3742
73 3752 73 3752 73 4009 121 4009
705 3938 705 3938 705 4085 1000 4085
229 3620 229 3620 229 3960 451 3960
872 3554 872 3554 872 3400 61 3400
604 3336 604 3336 604 3517 371 3517
167 3851 167 3851 167 3118 905 3118
51 3351 51 3351 51 3295 1005 3295
311 3371 311 3371 311 3113 505 3113
610 3188 610 3188 610 3449 784 3449
1906 943 1906 943 1906 873 1152 873
1624 666 1624 666 1624 353 1382 353
1654 874 1654 874 1654 729 1679 729
1297 28 1297 28 1297 872 1931 872
1821 289 1821 289 1821 738 1900 738
1487 95 1487 95 1487 427 1391 427
2046 451 2046 451 2046 990 1587 990
1815 191 1815 191 1815 848 1651 848
2042 379 2042 379 2042 447 1173 447
1722 155 1722 155 1722 485 1091 485
1486 417 1486 417 1486 656 1425 656
1325 1037 1325 1037 1325 1604 1295 1604
1329 1071 1329 1071 1329 1842 1801 1842
1271 1291 1271 1291 1271 1307 1778 1307
1783 1236 1783 1236 1783 1842 1795 1842
1891 1428 1891 1428 1891 1535 1366 1535
1650 1557 1650 1557 1650 1813 1890 1813
1148 1570 1148 1570 1148 1802 1933 1802
1053 1311 1053 1311 1053 1126 1385 1126
1081 1542 1081 1542 1081 1460 1944 1460
1619 1470 1619 1470 1619 1922 1538 1922
1876 2000 1876 2000 1876 1568 1098 1568
1961 2779 1961 2779 1961 2332 1788 2332
1704 2991 1704 2991 1704 2566 1143 2566
1370 2165 1370 2165 1370 2470 1641 2470
1990 2222 1990 2222 1990 2396 1634 2396
1814 2165 1814 2165 1814 2362 1394 2362
1215 2498 1215 2498 1215 2097 1182 2097
1603 2089 1603 2089 1603 2191 1885 2191
1670 2926 1670 2926 1670 2490 1651 2490
1948 2966 1948 2966 1948 2607 1105 2607
1822 2682 1822 2682 1822 2558 1747 2558
1149 2670 1149 2670 1149 2895 1271 2895
1889 3597 1889 3597 1889 3371 1558 3371
1572 3835 1572 3835 1572 4090 1068 4090
1371 3965 1371 3965 1371 3450 1127 3450
1942 3325 1942 3325 1942 3944 1843 3944
1281 3781 1281 3781 1281 3988 1350 3988
1304 3528 1304 3528 1304 3590 1181 3590
1037 3205 1037 3205 1037 3355 1217 3355
1595 3272 1595 3272 1595 3181 1396 3181
1204 4049 1204 4049 1204 3162 1082 3162
2018 3245 2018 3245 2018 3377 1429 3377
2299 715 2299 715 2299 950 3045 950
2239 161 2239 161 2239 264 2734 264
2281 596 2281 596 2281 385 2374 385
2854 742 2854 742 2854 552 2817 552
2494 713 2494 713 2494 974 2564 974
2809 276 2809 276 2809 384 2359 384
2931 73 2931 73 2931 511 2969 511
2934 725 2934 725 2934 68 2493 68
2143 988 2143 988 2143 585 2718 585
2704 418 2704 418 2704 200 2244 200
2932 974 2932 974 2932 289 2533 289
2699 1626 2699 1626 2699 1807 2829 1807
2992 1966 2992 1966 2992 2027 2311 2027
2086 2030 2086 2030 2086 1400 2130 1400
2833 1716 2833 1716 2833 1892 3030 1892
2292 1322 2292 1322 2292 1886 2317 1886
2290 1474 2290 1474 2290 1955 2848 1955
3068 1361 3068 1361 3068 1619 2221 1619
2493 1160 2493 1160 2493 2034 2521 2034
2646 2000 2646 2000 2646 1461 2144 1461
2582 1339 2582 1339 2582 1070 2110 1070
2951 1026 2951 1026 2951 1488 2758 1488
2563 2067 2563 2067 2563 2827 2301 2827
2974 2184 2974 2184 2974 2652 2456 2652
2846 2798 2846 2798 2846 2219 2594 2219
2228 2325 2228 2325 2228 2085 2781 2085
2278 2086 2278 2086 2278 2832 2837 2832
2603 2630 2603 2630 2603 2182 2627 2182
2260 2530 2260 2530 2260 2911 2435 2911
2145 2611 2145 2611 2145 2702 2716 2702
2803 2182 2803 2182 2803 2626 2405 2626
2629 2903 2629 2903 2629 2172 2698 2172
2333 2470 2333 2470 2333 2547 2346 2547
2689 3810 2689 3810 2689 3280 2356 3280
2774 3299 2774 3299 2774 3934 2854 3934
2940 4046 2940 4046 2940 3299 2486 3299
2379 3286 2379 3286 2379 3416 2405 3416
2720 3483 2720 3483 2720 3709 2586 3709
2502 3911 2502 3911 2502 3906 2536 3906
2740 3890 2740 3890 2740 3819 2786 3819
2705 3637 2705 3637 2705 3611 2329 3611
2371 4004 2371 4004 2371 3544 2079 3544
2352 3876 2352 3876 2352 3643 2200 3643
2182 4002 2182 4002 2182 3606 2489 3606
3161 102 3161 102 3161 779 3287 779
3386 107 3386 107 3386 802 4095 802
3616 936 3616 936 3616 379 3796 379
3778 498 3778 498 3778 814 3809 814
4073 534 4073 534 4073 250 3237 250
3086 234 3086 234 3086 860 3165 860
3433 931 3433 931 3433 803 3703 803
3356 714 3356 714 3356 339 3637 339
3733 669 3733 669 3733 870 3887 870
3084 212 3084 212 3084 267 3894 267
3287 1214 3287 1214 3287 1713 3711 1713
3660 1279 3660 1279 3660 1037 3117 1037
4046 1077 4046 1077 4046 1226 3176 1226
3434 1776 3434 1776 3434 1031 4026 1031
3189 1654 3189 1654 3189 1278 4051 1278
3096 1609 3096 1609 3096 1065 4024 1065
4039 1056 4039 1056 4039 1601 3858 1601
3550 1385 3550 1385 3550 1927 4080 1927
3369 1725 3369 1725 3369 1873 4001 1873
4063 1885 4063 1885 4063 1659 3245 1659
3878 1651 3878 1651 3878 1566 3390 1566
3727 2255 3727 2255 3727 2750 3105 2750
3890 2467 3890 2467 3890 2324 3197 2324
4039 3046 4039 3046 4039 2516 4065 2516
3555 2975 3555 2975 3555 2733 3932 2733
3534 2143 3534 2143 3534 2712 4046 2712
3639 2101 3639 2101 3639 2388 3807 2388
3127 2860 3127 2860 3127 2198 3255 2198
4051 2961 4051 2961 4051 2119 3567 2119
4005 2795 4005 2795 4005 2854 3234 2854
3419 2807 3419 2807 3419 2628 3240 2628
3659 3124 3659 3124 3659 4072 3217 4072
3682 3741 3682 3741 3682 4038 3546 4038
3187 3691 3187 3691 3187 3259 3744 3259
3373 3249 3373 3249 3373 3955 3727 3955
3741 3784 3741 3784 3741 3751 3219 3751
3512 3831 3512 3831 3512 3696 3661 3696
3239 3724 3239 3724 3239 3895 3596 3895
3596 3852 3596 3852 3596 3756 3158 3756
3738 3181 3738 3181 3738 3786 3447 3786
3921 3499 3921 3499 3921 3803 3689 3803
